2.655388881640781934e-07 -6.726369571938822874e-07 7.221020843169988512e-09 -3.232102360062048022e-14 5.739570231593773670e-06 2.327935076160824403e-06
-6.726369571938822874e-07 2.191060189387043975e-05 -8.872212842286534988e-09 3.103629539176216292e-13 -2.915119536035340903e-05 -1.829458719321122096e-05
7.221020843169988512e-09 -8.872212842286534988e-09 5.427769748469341864e-10 -8.340756939883181561e-16 1.618039061232845741e-07 5.350244824132933701e-08
-3.232102360062048022e-14 3.103629539176216292e-13 -8.340756939883181561e-16 1.131193379746242826e-20 -1.046032043164139542e-12 3.132728401981572455e-13
5.739570231593773670e-06 -2.915119536035340903e-05 1.618039061232845741e-07 -1.046032043164139542e-12 1.765626481477860197e-04 7.792731823247804948e-05
2.327935076160824403e-06 -1.829458719321122096e-05 5.350244824132933701e-08 3.132728401981572455e-13 7.792731823247804948e-05 2.088247878691367983e-04
